53
25000	0	0
20000	0	0
15000	0	0
10000	0	0
5000	0	0
0	0	0
-5000	0	0
-10000	0	0
-15000	0	0
-20000	0	0
-25000	0	0
15000	-37500	0
15000	-32500	0
15000	-27500	0
15000	-22500	0
15000	-17500	0
15000	-12500	0
15000	-7500	0
15000	-2500	0
15000	2500	0
15000	7500	0
15000	22500	0
15000	27500	0
15000	32500	0
15000	37500	0
0	-37500	0
0	-32500	0
0	-27500	0
0	-22500	0
0	-17500	0
0	-12500	0
0	-7500	0
0	-2500	0
0	2500	0
0	7500	0
0	22500	0
0	27500	0
0	32500	0
0	37500	0
-15000	-37500	0
-15000	-32500	0
-15000	-27500	0
-15000	-22500	0
-15000	-17500	0
-15000	-12500	0
-15000	-7500	0
-15000	-2500	0
-15000	2500	0
-15000	7500	0
-15000	22500	0
-15000	27500	0
-15000	32500	0
-15000	37500	0
